>Analysis of states.iir.config by states.cat. Total nodes:48 Total edges:110  The old header:>Translated network configuration. In:states.config Dic:states.dic20/9/2002 9:28:39 Old header: >Translated network configuration. In:config Dic:dic9/8/2002 16:10:41 Old header: >48 continetal states and theiry bodering configuration

Freq(k) [1,8] Total:220 in 8 bins:
1 3 9 10 10 11 2 2

Degree of power-law distribution (gamma) is -0.482, intercept 0.821, Pearson-R: 0.358 

Degree for k>=2 of power-law distribution (gamma) is 0.372, intercept 2.234, Pearson-R: -0.229 

Connectivity distribution by category:
cat:	[min_k,max_k] total_k   	gamma  intercept     	Peason's R
initial: 	[2,6] 	Total:52 	gamma:-0.368 intercept:0.466 	R:0.395
intermediate: 	[1,8] 	Total:83 	gamma:-0.311 intercept:0.235 	R:0.36
recent: 	[2,7] 	Total:85 	gamma:-0.632 intercept:0.056 	R:0.491

Edges by categories:
initial=>52, intermediate=>83, recent=>85, 

Nodes counts by categories (n):
initial=>13, intermediate=>18, recent=>17, 

Average connectivities by categories <k>:
initial=>4 , intermediate=>4.61 , recent=>5 , 

Edges counts among categories:
initial	intermediate	recent	
-------------------------------------------------------------
38	11	3	 | initial
11	56	16	 | intermediate
3	16	66	 | recent


Probabilites by row:
initial	intermediate	recent	
-------------------------------------------------------------
0.73	0.211	0.057	 | initial 
0.132	0.674	0.192	 | intermediate 
0.035	0.188	0.776	 | recent 

Z-scores:
initial	intermediate	recent
-------------------------------------------------------------
8.24	-2.82	-9.19	 | initial
-2.82	6.6	-5.44	 | intermediate
-9.19	-5.44	9.38	 | recent

Mean edges count among categories in the 10 null-models
initial	intermediate	recent
-------------------------------------------------------------
11.2	18.6	22.2	  | initial
18.6	30.8	33.6	  | intermediate
22.2	33.6	29.2	  | recent


Standard deviation of edges count among categories in the 10 null-models
initial	intermediate	recent
-------------------------------------------------------------
3.2	2.6	2	  | initial
2.6	3.8	3.2	  | intermediate
2	3.2	3.9	  | recent

